-1.3249662
1.6733313,-0.5435444,0.67219365,1.413763
0.4623862,0.1853604,1.5853058,2.0497122,0.87354726,0.08244722
-0.28598243
0.8036803,0.85666597,0.45286775,-0.52328444
0.62316614,-1.5801281,0.70953053,-0.80311173,1.3465852,0.9774251,0.64310026,1.6265303,1.3416941,0.8217349,-0.08247032,0.7678112,1.1233475,1.253464,0.4165094,0.7707676,1.8320557,0.65786755,2.302354,0.03585431,2.14741,1.0237367,-0.036752127,1.7740602,1.3241801,0.021732397,0.39147457,2.1872325,1.6852894,0.3947894,0.40257782,0.47613198,0.9663488,1.1959083,0.2722104,1.9141405,1.4373728,0.37289461,0.77058125,1.2607979,0.5003167,0.9446491,-0.5953233,1.4759973,1.0910752,1.1934028,-0.4738016,1.3537781,0.96957076,1.0339441,1.6410027,0.24080794,1.4705051,-0.47267038,-0.3471091,0.8729731,2.1109262,1.6361538,1.3209416,0.5676409,0.7950095,1.2078536,1.8620335,0.091701895,0.80777633,0.47175568,2.1604514,0.7926242,0.9315877,0.5588483,1.6205956,0.4162859,0.3970306,0.8304086,1.1037686,2.1297097,0.14883907,0.7738101,1.1776664,0.518263,-0.6948,-1.3241594,0.7864668,2.0129814,1.6191399,1.0133774,2.4896076,1.5503235,0.51092213,1.8176636,0.74399364,0.67910016,0.87297136,0.9838215,1.5527482,0.5299577,1.5088698,0.23536834,-0.35749513,0.8982703
-0.25706488,0.3287787,0.8269951,0.5428108,3.0169392,1.017038,0.085823506,1.2426139,0.21729538,-0.2742689
0.061051153,2.0581226,0.9912221,2.2205095,2.1388571,0.089069195,1.2052189,1.2707024,0.29796156,0.98152864,1.251495,2.6321826,1.4902973,1.5995562,1.3348463,0.7425959,0.2947449,0.2802034,1.3471245,0.14075717
0.59143543,-0.3280106,0.46353346,1.235098,0.442485,0.5929214,1.1308048,-0.27012235,1.3170738,0.9743289,-0.119704105,0.79642713,0.42029038,-0.026803989,0.7932336,1.0278647,1.3954259,0.02293634,0.47938362,-0.008279751
-0.9573086,0.74159217,1.4531386,1.2332433,-0.09257837,-0.3874185,1.2289859,0.13414156,1.6847363,0.8823673,1.035392,0.58404857,-1.2132347,0.63645047,0.17155781,2.298083,0.99662906,0.7447446,-0.3435399,1.1855184,1.8224814,2.3371882,1.4729872,0.83334017,0.7897669,0.69711643,1.0678027,0.06026873,1.2546061,1.2088302
