-1.3333333333333333
0.5956557047713383,-0.3562146012257115,0.8462329654692006,0.1302875108912102
0.823987508066887,0.4390482469399083,1.6018283838787009,1.9884694484813454,0.9838685995912704,-0.27648571428715296
-0.2972972972972982
1.0269464026669448,0.4089762128151706,0.4401823226003161,-0.48564895295653643
0.21861987886066386,0.5053345774077492,0.026518751790043853,0.19885659497590305,0.6498681748003711,0.5449244639909395,0.22045619764956254,0.5892457105650657,0.8094499317418453,0.006517525062894127,0.8058399454230103,0.6981208962299682,0.34026748489241276,0.1554628193258986,0.9571948246601982,0.33661042680217246,0.09276235419103185,0.09673623575294196,0.8474749418583762,0.6037416130343912,0.8071124526078522,0.7297486139911447,0.5362455606913605,0.9731313903640056,0.3785187769045411,0.5520618559845699,0.8293854088991577,0.6185032734539804,0.8617234739192718,0.5773723697450612,0.7045521129432133,0.04584020432219008,0.22787957069466763,0.2893699503022222,0.07977351769044086,0.23277346152905531,0.10102115756702981,0.2779954285963823,0.6356650962277162,0.3648144303140549,0.37016555152962316,0.20952517946503227,0.2669614079818776,0.9366725653709439,0.648053504670273,0.6091482889831417,0.17115569213859747,0.7291049043156371,0.16338684681970922,0.3794766108152399,0.9895078103363804,0.640021206417698,0.5569334807954941,0.6846350339155144,0.842833483616562,0.7760185944304194,0.22903200240767152,0.032119759202550426,0.31543291098108756,0.2677628722134825,0.21096671165272074,0.9429294082290095,0.8763859489308031,0.31469754520433074,0.6554555708168264,0.3956164467359516,0.9145259101803199,0.45887090357880955,0.2649001398088933,0.2466093706976192,0.5613845152774297,0.26272371456265764,0.5846054248527204,0.8978047115574331,0.3994167074855282,0.21934090086178523,0.9975582786441118,0.5095100826098768,0.09093158141164419,0.047131867017585156,0.10966879967887184,0.6274634982812614,0.7920604577261302,0.4221766472855697,0.06351075166114582,0.38164079021861347,0.9961054362839773,0.5290963436646833,0.9710950655960573,0.8607929558416246,0.011461284023493681,0.720703705801285,0.6816962559794638,0.5369867932397496,0.26683940223777913,0.6409785970135827,0.11153689540627959,0.4347874062449612,0.45370351851860685,0.9537928025820871
-952.7544191620779,133.77173909371575,-463.19447246395004,101.09975136556088,1174.101407299225,930.2742676550635,-1381.1837455410143,-2090.5946146623637,420.7660199526371,-1276.7396937200058
0.930732533955911,1.8251399678371871,2.523550410232283,0.19291231704259965,1.7631361717529495,-2.482882253318185,-2.545515769221855,2.5036243869450723,-3.9140608702875297,-5.2398822114907135,-1.791714597485928,-2.546698873216997,-4.161234974650434,1.7743128536506274,-1.463758107890337,0.3749472467960579,0.10969034997430785,2.5333840707676045,2.4638634993557296,-1.6955737337124341
0.28798237809875266,0.24890359349497965,-0.019043371059825797,0.9059330410852536,0.6066379402009191,0.2910982054420736,0.32379608877868915,0.47483106909000217,0.49425106338961905,0.5592162913008674,0.7688493566609327,0.5651780576394639,0.1698000839145327,0.2008758410354941,0.34110419586824126,0.02819733703155026,0.6071855621474254,0.3888087184788033,-0.06538526740340529,0.18091738445156125
-0.7198113258002753,-0.10357776657931907,-0.2139358227759694,0.6450724595886601,0.6449455002937304,-0.24564196817999362,0.7958725344300339,-0.2851157134116174,0.0762566629521421,0.11996888460487073,0.8789128972497137,0.49907266304338954,-0.6528319458458173,0.5533364814761667,0.4069624660436901,0.16695008970504874,-0.07291674595656511,0.26581532534795627,-0.41781153887756495,0.21902758768875713,1.2379293912446838,0.09617671918627842,0.7873549821072867,0.46416113371738404,0.002350974877691445,-0.17056819456931174,0.7174246379056076,-0.1477612615838987,-0.4731612853219966,-0.10019016268526516
