-1.3333333333333333
0.5956557047713383,-0.3562146012257115,0.8462329654692006,0.1302875108912102
0.823987508066887,0.4390482469399083,1.6018283838787009,1.9884694484813454,0.9838685995912704,-0.27648571428715296
-0.2972972972972982
1.0269464026669448,0.4089762128151706,0.4401823226003161,-0.48564895295653643
0.2186188748112176,0.5053335733341741,0.02651774777871949,0.19885759903914754,0.6498671709528658,0.544923459996859,0.22045720062162716,0.589244706494336,0.8094509358096718,0.006518529124075195,0.8058409494965332,0.6981198921725585,0.34026848888153216,0.1554618153755636,0.9571938206073582,0.33661143043283226,0.09276335810840453,0.09673723982309296,0.8474739377909082,0.6037426160373819,0.8071114490402463,0.7297496179634501,0.5362465647182865,0.9731323935513071,0.3785177738161597,0.5520628600594926,0.8293844048329949,0.618502269543941,0.8617244778499538,0.5773733738169149,0.7045511088738112,0.04584120788979602,0.22787856663426131,0.28936894625487647,0.07977251363367625,0.23277245750450787,0.10102216163646018,0.2779964326724603,0.6356640921608169,0.3648134262749527,0.37016454990142517,0.20952618351572264,0.26696040408807836,0.9366735694173218,0.6480545087202819,0.609149292999068,0.17115669613533196,0.7291039002394498,0.16338584356761746,0.37947761489003506,0.9895068075812564,0.6400222104930914,0.5569324769479889,0.6846360379893042,0.8428324795601786,0.7760195984905319,0.22903099864465618,0.03212076327065237,0.31543190690960393,0.2677638762898273,0.21096570785840854,0.9429304122982397,0.8763869529851296,0.31469854927338464,0.6554565747989073,0.39561544473955124,0.9145249061044894,0.458871907643141,0.264901143879623,0.2466083666471986,0.5613855191622202,0.2627227105187141,0.5846064289202615,0.8978037075062143,0.399417711310245,0.21934190493328895,0.9975592827175686,0.5095090787817043,0.09093258548823666,0.0471328693683832,0.10966980374795544,0.6274645023075237,0.7920594536632936,0.42217765123590467,0.0635097476735232,0.3816417942941192,0.9961044326012288,0.5290953396176554,0.9710960695476448,0.8607938374495802,0.011460279954007184,0.7207027017514153,0.681695268234513,0.5369877971459345,0.26684039161716694,0.6409796009819665,0.11153659991593536,0.43478841032153487,0.4537025144469059,0.9537917985044465
-952.7544191620779,133.77173909371575,-463.19447246395004,101.09975136556088,1174.101407299225,930.2742676550635,-1381.1837455410143,-2090.5946146623637,420.7660199526371,-1276.7396937200058
837.0288968536648,1831.1879438985643,928.7113060455921,-629.4118419555086,133.22374870423292,-2324.9514043847253,-2098.3992009757826,1286.230485354465,-2904.91467939085,-3762.306602524476,-491.5094066332623,-1807.7496786154884,-2495.8960044790765,1630.2812942089488,-845.1657865658321,-221.1845688436398,-469.74804710170855,994.0459956503711,1088.820316135157,-664.0453942439365
-9.524717621901111,-9.4501964065049,-9.734943371059778,10.87243304108507,10.423137940200709,5.45179820544201,-9.460703911220385,-9.270068930909872,10.201151063389522,10.31171629130072,8.635149356660754,7.089878057639346,2.218100083914501,-7.522424158964293,-1.298995804131735,-7.7553026629683215,8.578085562147317,-9.41169128154261,-9.769885267403259,-8.979782615548293
-1.1072433729206368,0.349326139414902,1.5299187287197094,1.0393773880861654,-0.24596604565358124,-0.02507104608058672,0.9230098691078821,-0.4636621607498502,1.0878351119342686,0.28546219431753184,0.481948280549784,0.9335180183628656,-1.8107529933013582,0.6654557286848691,-0.33223599803580006,2.2414873055476634,0.396121010724983,1.0877365489558033,-0.5445693273400031,1.2190410536325562,1.2798954582901192,1.812964801879935,0.8764924210054053,0.3772851347925284,0.25828811006554736,1.098565003817591,0.9407972217865566,-0.1667805791765154,0.6589787195196682,0.748419725064515
